3.187174363608843292e-02
1.882443896067863276e-01
6.400878490186787464e-03
3.714330579643005947e-01
1.461917675493211166e-01
1.592889547296715835e-01
5.134327954365659578e-03
1.370956616582364729e-01
8.502690773215322573e-02
3.044601452245270304e-02
2.448307363801880965e-01
1.531258615223930232e-02
5.046196736838183261e-01
3.380939891664643676e-02
1.261735875134143217e-02
3.827629043917959439e-01
1.520843226799024200e-02
1.396281076740029381e-01
8.220951241042234736e-02
6.143769058943036529e-03
9.189746128527445657e-02
2.861611593346055464e-03
3.267022399587078407e-01
1.587364150984509406e-02
9.861145648408420339e-02
1.641383333780728204e-01
3.298697626460432575e-02
1.337981103795586324e-01
4.880493802500809886e-02
8.129472687989519608e-02
6.260598274388444462e-02
5.298524260188738344e-01
1.037749344249220829e-01
7.899973861909907399e-03
9.548421973310926292e-03
1.585333477769590438e-02
1.290957917752700579e-01
1.364003198460957134e-01
4.364902597953548291e-01
1.062235332885886896e-01
3.275279378901288217e-07
1.198238033815384046e-01
2.228372353508659698e-01
5.845194590762395337e-02
2.276063696544841086e-01
8.379409257393477528e-02
5.980725651461330644e-02
3.979464445365065405e-03
1.666494900778764388e-02
2.392971518695343469e-01
9.065645792860876559e-03
1.954640879416984223e-01
8.519165428491196068e-02
1.702470569476616236e-01
1.245402056871562496e-01
1.102701409612212302e-01
1.092705256947805598e-01
9.568728705460112505e-03
7.120129841793510113e-03
9.501880253336737747e-02
5.943977016830057775e-03
1.166621761970849935e-02
3.864829667103520446e-05
2.929344370901734371e-02
1.450326461771279420e-02
3.776305416050576014e-01
2.554717915543004863e-05
2.114402456961031462e-01
4.361981048747567979e-01
3.926437672220653430e-02
4.916777347460278280e-01
1.372473070934795807e-02
6.943100991363895802e-02
4.330541641989494456e-02
2.345427563231212292e-03
7.186945541123096991e-03
3.739189950128866957e-02
2.328101335316824783e-02
1.303272968217369376e-01
5.172648723098804968e-03
2.674959972101229044e-01
1.505760565259183781e-01
6.434646620583260590e-02
1.464249674410988689e-01
1.337404654624899658e-01
1.240194362659109428e-01
1.234714820258207661e-02
1.108099070028641525e-01
6.263873553767346225e-02
7.086132441840514717e-02
1.289051705154180098e-02
4.943379166575714509e-03
2.450826053644256097e-02
1.024212614576221897e-02
3.669393746564480335e-02
1.201012195449313417e-02
1.024644951454236896e-01
4.204836419427263050e-02
1.081988542820040700e-02
4.322287937954663595e-02
4.782104409958615188e-02
4.557551255741142636e-03
5.512753733803914952e-02
1.141991661041512202e-01
9.149230922610436523e-02
2.426654491827964517e-03
1.035679367681755364e-01
3.752520337200995065e-02
1.316704888950243624e-01
5.669410346496762954e-02
2.008407865701027917e-01
7.633267862085975353e-02
1.877750420717897439e-01
1.863633966594832950e-02
6.047868878728806380e-02
2.359979629511670951e-01
1.078411937738280452e-01
1.159913989802859868e-01
2.671579883782202597e-02
1.536394253290047640e-01
1.868782705778465891e-01
8.735890664993094246e-02
1.778204854554950864e-01
3.139977587758876337e-02
2.288110174100439678e-03
4.034489138930607080e-03
1.978016548344202763e-01
1.425532596872996771e-01
8.694065347324525517e-02
7.548045092646964160e-02
1.150445157118456518e-01
1.332318145749466012e-02
6.029854842144849458e-02
1.076676039667462670e-01
4.723902695395539031e-02
2.171903261737022361e-02
6.323254368906826468e-03
1.053428106636021371e-02
3.263288581095130647e-01
7.852482310915839120e-03
1.882895884622151350e-01
6.681897460896518010e-03
1.940969863289450092e-01
3.996037359022305835e-02
4.272929477714620429e-03
5.160530189396869694e-03
1.213130729151248172e-02
1.706417281128192187e-01
9.322624212929470078e-02
9.825838136703865182e-07
1.272609802672095697e-02
3.728578044941226275e-03
8.635110318504302107e-02
1.076250253348205455e-01
5.326816123463688074e-02
1.810928170829553541e-01
1.348894334686085439e-01
7.559999862379953445e-03
5.139633906959478749e-02
4.137922461716309064e-02
6.257421253390911542e-03
4.774833289737454023e-02
7.773155044358849575e-02
8.588732362499058859e-02
8.405152953311642583e-02
4.136350327614436891e-03
1.401750793302794507e-01
1.998234847950160209e-01
6.638172481188185647e-02
6.654385114113746738e-03
1.142486228227726219e-01
7.797228347793773440e-02
1.129951734044671030e-01
6.583409809972956550e-02
9.423732087356154197e-02
2.459001150973993688e-01
4.768413742154807566e-02
2.257771261213677438e-01
4.841190449953993759e-03
1.494130048184705295e-01
1.439501663424010702e-01
4.827794557294287636e-02
7.899810097940962450e-02
2.586455372724558166e-02
1.425850298972750063e-01
4.225110398782662077e-03
7.130840005362518164e-02
4.077395298794213481e-03
8.747354142819248335e-02
5.340998083174330890e-02
5.099085948248682082e-02
4.439280917369017171e-02
8.718138650759448341e-03
9.708517629351620659e-02
1.576391965065189991e-03
3.121046472948826520e-02
3.212623284382906674e-02
5.836482347614518201e-02
7.862668429784221147e-02
4.535574131108715407e-02
1.975117926093875043e-01
9.688669436315477945e-02
8.516676216163231172e-02
1.065877443555225262e-01
4.719022529120976001e-02
5.256725144755200474e-02
1.755811769441402437e-02
4.058136656046273938e-02
4.148534366903949833e-02
1.602325627187330404e-01
1.342373253442693051e-02
2.568031926218238836e-01
1.024507389720322875e-03
1.242346221211047645e-02
1.833010104402105905e-02
1.743673584063194504e-01
3.388833314967795718e-02
1.447388536168404960e-01
1.159933641479133498e-01
2.972709069878387220e-02
1.766931342932772653e-01
1.457060436174300588e-01
2.576105489887229871e-01
2.876609097622044309e-01
1.348809177422234107e-01
7.653345324678640510e-03
5.106160551707109030e-03
1.043078223798693353e-02
3.960926364080483847e-02
5.982487751767179285e-01
4.267885547471112623e-02
3.312290035882872914e-03
1.191225660665156394e-01
2.957741043116808577e-02
2.442375832846691019e-03
2.477634215360562941e-01
2.847920925542248016e-02
1.253645935068256959e-02
3.548110151163765685e-03
1.225347521234550034e-02
8.298608115115983785e-02
2.672270967731151248e-01
2.560875440775339240e-01
6.312773474894343290e-03
1.449723810365561583e-01
1.771189206125344251e-01
1.411249103501608093e-01
1.360593632627520866e-01
2.443852983846575011e-01
4.024335772856013106e-03
1.164505931492079704e-01
1.800879613695084425e-01
4.498628979714708320e-02
6.449352624994526828e-02
2.275926134810926996e-02
1.241422592426197485e-01
5.592539539473950078e-02
1.519762384603986875e-02
1.062598888896944954e-02
8.654925758746654860e-03
2.289158263501688342e-02
7.038444374083711874e-02
9.518387661406400857e-02
1.717039012153969146e-01
1.820750733686878620e-01
2.721907826718399925e-01
1.783261885915974343e-01
1.193649367405543310e-01
6.857779963543517154e-03
3.082106676413069457e-01
9.184865962252881932e-03
8.948816577415466544e-02
3.379240021666993776e-01
3.845767541118314675e-02
3.114430408603445846e-02
9.030305528362531087e-02
2.454756388898937658e-02
5.911158717453466466e-02
1.465926617452986136e-01
9.759284459724590355e-02
2.751319835540933512e-01
1.746051436892276897e-03
1.917319070894404065e-01
1.323848273275627097e-01
5.415674453013280196e-03
2.636043102521123949e-02
2.692197767472386261e-01
1.151175544419951458e-01
4.757015769916231318e-03
5.402475077116308116e-02
1.176437774269417091e-01
2.637254955891317389e-03
5.545375516417771350e-03
1.248146740991081804e-01
2.586796001779964049e-01
1.018438297031218909e-01
2.587143181394127665e-03
3.181802905427445760e-02
5.607605824616895482e-03
9.131053122057534999e-02
5.784143383139674771e-03
8.437119680049717796e-04
1.477851909671565878e-01
8.567999844030614598e-02
2.918732465714093949e-02
1.507676603695841111e-01
2.761941566566710193e-01
2.588191270795375809e-02
3.172956375825033426e-01
1.156183446590291486e-01
9.042718837208566299e-03
6.119499238745377406e-02
1.509762956660201105e-01
4.174605590760004370e-01
9.954753133057420156e-02
7.205614633582833337e-06
2.361895667948328281e-01
4.416560304317578844e-01
9.400051817446697117e-04
1.556294850796251794e-01
9.523857377969166538e-03
2.667692127159446702e-01
3.630286910780398946e-02
7.970163098999762108e-02
2.832366623771845893e-01
6.951954071525066059e-01
3.829784177749276375e-03
5.131707730862539001e-03
9.825838136703865182e-07
1.628770232892579328e-01
3.895325793400470360e-01
6.959051601939145182e-02
5.960320660930774894e-02
1.467393942614733937e-01
2.578683134758425477e-01
2.917291342787377284e-03
4.513040208981874274e-02
