1.230397240306101286e-01
4.922833512055541094e-02
7.504070034325815985e-02
5.300580088301779652e-02
1.476780206376139271e-01
3.437195405631267575e-01
2.000323372590270266e-01
3.595100967206178444e-01
1.547192574572383295e-01
1.226847730537709014e-01
9.046868582494392574e-02
1.308822991915065959e-01
8.297280696700670699e-02
1.107624840714219738e-01
2.383124349150713209e-02
7.660591350588544235e-02
5.881709129452490636e-02
7.161056585866883151e-02
7.822636948601724427e-02
8.290422967631147499e-02
7.629604574792921146e-02
1.281506371121464705e-01
9.639300177111539969e-02
2.386635760424274944e-01
8.703664641561308091e-02
7.349644135278772528e-02
5.062274003135847078e-02
1.368428087077671884e-01
1.367653417682781203e-01
8.469930375775055684e-03
2.036999523613942844e-03
2.305136730232301978e-01
6.169416262915544853e-03
2.176694004659786730e-03
9.793853071141351424e-03
1.062954355525241867e-01
4.257443299837632145e-02
6.265932449819946147e-03
2.781825097553829087e-03
4.854383216343077442e-03
7.238714017830095949e-04
1.878255795152756471e-03
2.085238567818727962e-01
4.837238893669269443e-03
6.044961179801974262e-03
5.390302043628041745e-03
3.644756005468837703e-04
7.938456372887004245e-03
2.546249404517428555e-04
1.554507485579874615e-01
8.063546430914420027e-03
5.855294173036549449e-02
8.105454775228173106e-03
8.914095328009456753e-02
2.374425192831040032e-01
6.223262135609578666e-02
1.155019368283591525e-03
8.622324355097795573e-03
1.256069276072844243e-01
1.992995762084501798e-01
2.081314422851167356e-01
1.622995879787168805e-03
3.499029262741468194e-02
5.612543263473703144e-03
5.771921966848734056e-03
2.336517190474508843e-02
5.281086358446746183e-03
1.281506371121464774e-02
9.049662472115310372e-03
2.605302071504989742e-03
2.826082849048807896e-02
3.868400519874095611e-01
2.498359596515257464e-01
4.482922891743901239e-03
6.022102082903563885e-03
1.025738475824801432e-02
2.941991169822027463e-01
1.802693780405231934e-03
7.729549626232083692e-02
4.140671413181583847e-03
1.256805846972904386e-02
4.777805241733401598e-02
1.043263783446916502e-03
1.188171408535425577e-01
2.420911706273614072e-01
2.539899655378980987e-05
1.276680561776244796e-02
1.759071003824097534e-01
2.209636503190052226e-01
2.891040782735125082e-03
2.649699517481013955e-01
1.972162235161255828e-01
1.436313255116813785e-03
5.917966197033025727e-04
7.902262802797854410e-03
3.668440569755246350e-02
1.695383019965469938e-04
1.811519931707673489e-02
5.786272399901625646e-02
1.184863189234294659e-03
1.925878913691112361e-03
2.063350982538499773e-02
7.791142192875023494e-04
8.686456821396115356e-04
1.076472971440996587e-02
8.813807390116816798e-01
4.424886184618492119e-02
2.555932771953560723e-01
1.371698207883972342e-01
7.126704443027882807e-02
5.112183031364043485e-03
2.779920172812294817e-03
5.486037211388413715e-01
5.510312302344699473e-03
5.000427446527368897e-03
4.507686913383846319e-03
1.481771109198959102e-01
7.532072428026368588e-03
3.374637677119282642e-02
2.943743700584239027e-03
4.374151689002296617e-02
2.580538049865044661e-03
1.715067242294657018e-03
1.763249138757196077e-01
1.904289766620390848e-03
4.825809345220064147e-04
5.580794517781466173e-03
1.854126748426656148e-04
5.533234896734495062e-02
3.838994831613945502e-02
2.071288168961558929e-02
2.253151334035832232e-01
6.321810242238283875e-03
1.295793306682971671e-02
4.899466435226054739e-03
4.586423802700595291e-03
2.043133381281682925e-01
5.482182913661376444e-02
4.443554447085527187e-03
2.971682596793407457e-04
2.317658435533320131e-03
2.575458250554286607e-03
7.621476895895708259e-02
2.287370132142925797e-02
1.905813706413618247e-01
2.001440928438636899e-03
2.492530526806163022e-02
2.040847471591842044e-01
9.731308042127642666e-02
1.532194467107370322e-03
2.647210415818742821e-03
3.377431566740200092e-02
1.115936662336447505e-01
2.580950783559043393e-01
5.727238782161480080e-01
2.032554699217029547e-03
5.442389035810726305e-01
1.662999299359387831e-03
7.127593407907265033e-03
3.291455963405621327e-02
4.437204697947080140e-02
8.024177986256045975e-03
6.327340873737871130e-01
1.149241096567604412e-02
8.807102055026615889e-04
2.903422793555097969e-02
3.245991759574337610e-03
1.207722286132705469e-03
1.518834594920076830e-01
5.312822404640706875e-01
4.581090013424299334e-02
2.126042055782391138e-01
3.786291913764831124e-02
6.551671161050081488e-03
4.278460969485893030e-03
2.924694453168896757e-03
1.064135408864993332e-01
1.385972443947202370e-01
3.967545502921814293e-01
1.273759677172558872e-03
2.345597331742488995e-03
1.946007618459990804e-02
1.986836505420207493e-03
2.687721815322037522e-02
2.630701068058779579e-03
3.621642918604888739e-01
5.515392101655457527e-03
8.851550298995748862e-04
1.141316609642822055e-01
6.277933475691611920e-02
1.348991504964884569e-01
2.680387855067130620e-01
1.948103035675678414e-03
3.776195812634700402e-03
9.469888870097761813e-02
8.161332567646510661e-02
4.905276455687733739e-01
3.689204249437970026e-03
1.659189449876319507e-03
6.372608235345862682e-03
2.181481715510175945e-01
1.039657125936278154e-01
1.239953612759464585e-01
8.802041304963273971e-01
2.357979342562461361e-02
4.042389996016694242e-01
5.231558315166856023e-03
2.364589431415585197e-01
1.188774634703578248e-01
1.107332752253851332e-02
8.607719932079366601e-03
1.747990691577506750e-01
2.903359296063712930e-02
3.047244611540932211e-03
3.274959315143934901e-01
2.180840390847192944e-01
2.747523752707936029e-01
1.429011043607599230e-01
1.638038435496150802e-01
5.867803178839290507e-02
6.782167054775723423e-03
2.697563926486631347e-01
1.481866355436035620e-01
2.114949044037523762e-01
4.841404329104090909e-01
2.047159122235458952e-03
3.054229335593224536e-03
1.831267651528245338e-03
1.332266265734213806e-01
1.897305042568098524e-03
2.998986518088731998e-03
1.731849629267573354e-01
1.408990284574074270e-01
1.904359613860913958e-01
9.209676150404185607e-03
9.873859910285787741e-04
6.066105844433004185e-02
4.198454130341455412e-03
4.738182807109489122e-03
2.884945023562215591e-02
3.622531883484271867e-03
3.519030972527578249e-03
1.652166627329196558e-01
1.155254309001714080e-01
1.408488654392136830e-01
2.440843568819200775e-03
1.567118087368831294e-03
1.573467836507278644e-03
3.168702613061155637e-01
2.849138788170510472e-01
4.686114864174219935e-03
3.657480902742286655e-01
2.955808223947288971e-03
7.062825966695100710e-03
2.086527566893833004e-03
4.518481486919206751e-03
5.595754526751648417e-01
4.218093904426674090e-01
8.813807390116816798e-01
3.213925526425177870e-02
2.046873383524228651e-01
2.589618191133024813e-02
7.317514404638228442e-02
1.301063598467882979e-03
1.026754435686953043e-03
1.876985845325067175e-03
5.886534938797710614e-02
4.863907840050748360e-03
5.289531524800881318e-02
4.136436130506239706e-01
8.921905519449746524e-02
2.823098466953737409e-03
1.545713083023124712e-01
3.505061524422993600e-03
1.298968181252195542e-01
2.755340293897364790e-01
2.187539376188255003e-01
1.226200056125587544e-02
8.624864254753174600e-03
1.772811860959697949e-01
2.032554699217029373e-02
7.568012008149981040e-02
8.908698041241775237e-03
3.529571556097400864e-02
3.526650671493714896e-03
1.991281329817121224e-03
5.436528217355939691e-02
1.618106572950564134e-02
1.662364324445542857e-03
6.500619177976964258e-02
1.680778596947040586e-03
6.009783569574975864e-02
3.632056507191943110e-04
2.620541469437263904e-03
1.897305042568098524e-03
3.124394063573068814e-01
9.202500933877738598e-02
1.825152843107920309e-01
2.464305891885764099e-01
1.506160495639735728e-03
3.882427115720925997e-02
3.562209266669020408e-03
4.083606217674356498e-01
2.776567505267194536e-01
4.853748241429232252e-03
1.306778372692485790e-03
1.780368062434450616e-01
5.321089778018965209e-04
2.212887574748937432e-03
1.481396473999790648e-03
2.250986069579621971e-03
1.550932576814928743e-01
1.929561768191411994e-02
5.686200353479693194e-03
2.002075903352481655e-03
9.221550181293081128e-02
4.114637441713949579e-04
6.491602534200367758e-02
1.097116005890089313e-01
1.810948454285213338e-03
9.645268941301679642e-04
1.494857942173299231e-02
4.265634476226229377e-02
1.192241597733170455e-01
6.946816049935665427e-02
4.565469630543718209e-04
6.120523194549498669e-02
1.655379600393250749e-03
5.472848782427859257e-03
9.449760165328884021e-02
4.081618746194021902e-03
5.623147344534910191e-02
1.619186030304100481e-03
4.040605716508790524e-01
9.054742271426066691e-04
1.909369565931148902e-03
1.481015489051483794e-02
7.091399837818115198e-03
2.527835132015930717e-03
5.347314241960753750e-02
3.308581236832014438e-01
3.188844017328310802e-03
3.733017518493256942e-03
2.591986647561665413e-01
7.911787426505526195e-04
2.014629357399192466e-01
4.861367940395369333e-03
3.688251787067202692e-01
1.230581383031116279e-03
3.187574067500621288e-03
2.155739832502910191e-03
3.154714115709155720e-01
1.543217631611715213e-01
5.546505872433850175e-03
8.813807390116816798e-01
4.790885724958602633e-03
5.311565154311293641e-03
9.261236113408377602e-02
4.868606654413199647e-02
6.870428567800143530e-04
1.351861591575462653e-03
4.388311629581034649e-03
1.221374246780367462e-01
4.018375244775085342e-02
1.104157877684627462e-02
4.834698994013890416e-03
2.071859646384019149e-01
7.746058973992046848e-03
3.743177117114773050e-03
3.755241640477822995e-03
4.857558090912300901e-04
2.271756099011483510e-01
4.029074572073370053e-01
1.461077276756758865e-03
3.521081941499296653e-01
9.435727219732914246e-04
2.428144070542306073e-03
1.719639061674339137e-02
2.765950724707710168e-03
8.038782409274475380e-04
2.254160944148845321e-03
2.406554923471584506e-04
3.919065168249767639e-03
3.141220898789954478e-03
1.761039426057016410e-02
4.569914454940630748e-03
2.753771905860167846e-01
1.917624239811130523e-03
4.310844690091975191e-03
4.043126566916753761e-01
4.438773085984276112e-01
7.291093098473149237e-01
2.827759182821357742e-01
3.480932477696893623e-01
1.854761723340500688e-03
7.179407360876997046e-01
2.411888712747880387e-02
1.252424520067375348e-02
7.937821397973160789e-03
1.571562911765744591e-03
3.983832609461931094e-03
5.521805348285289267e-02
4.832711522533555959e-01
1.636330352977908480e-03
1.621598934976710427e-01
4.503686571426624569e-02
3.674282338962618633e-02
5.149710048772268567e-02
1.668079098670145885e-03
9.969106147362499087e-04
