1.075962937413742354e-01
2.245495465932197468e-03
1.123050133971536524e-01
2.210887350865458679e-04
9.616351972913287456e-04
9.253134765271104831e-03
2.037877015632307831e-01
6.118580343352584411e-02
9.045150073753517898e-04
6.527191301922111166e-02
2.614088691448825043e-04
1.098001250687794805e-01
4.448654791103141999e-03
7.246099292182253682e-02
5.720452619638225628e-02
1.901168241096345968e-01
3.444011450816254088e-04
6.926663030105081192e-03
6.403912492038746351e-02
4.161037834820340703e-03
1.097816450073360595e-02
3.338171098913120336e-03
1.118386438465455435e-01
3.938269094148030836e-03
2.249846680399326670e-01
1.212829632474765953e-02
1.048998847762229736e-01
1.160279057752067189e-02
5.301089625319809102e-03
1.911174354365156652e-03
1.376603296997386261e-01
9.280350855760482152e-04
2.688260938060306748e-01
7.200503940584617162e-04
4.475534880475366315e-04
9.422277727645828049e-02
4.865296176372620358e-03
1.251254720232360673e-01
4.881760231113108431e-03
1.399824334203816634e-01
3.006537996283301616e-03
4.174578679841598611e-02
7.741465739200633538e-04
3.161434511290745278e-03
1.591637291952838554e-03
1.933014426980088699e-02
1.171434294841540436e-02
9.932865025271230344e-03
1.782149925378479372e-03
1.430692756836644906e-03
2.771693375460519970e-01
1.616165373504993346e-03
1.269691101530535382e-01
7.438695132534241250e-02
1.607758625553830090e-01
7.827482025191751652e-03
3.757154411969154117e-01
6.485291962613155548e-01
1.850694153277651372e-03
1.417588713267685374e-03
8.483961007884903427e-02
4.446279263204871990e-01
3.528972693299512464e-01
7.747076957857085278e-02
4.499390959793215204e-03
1.648791081980530704e-01
7.358424465646435601e-04
4.766511847929696261e-03
1.020707553697963316e-01
9.821312654376497444e-04
8.280747532230885860e-03
8.371064632521560411e-02
1.947462475017659386e-03
6.092372256214665348e-03
1.255300173682880570e-03
5.174753205270354352e-03
1.173164700594877402e-01
4.968179718444809545e-02
2.828255803522022882e-02
2.403987192893175875e-02
6.726742365399161847e-04
3.131006250121387002e-01
4.236974087296874712e-04
3.207802665457832117e-03
1.173987903331901719e-03
2.121763054540677096e-01
6.686422231340824994e-04
4.411694668216333145e-04
5.341073758260993058e-03
1.573493231626587295e-03
1.328548417222192267e-03
9.189630554129224775e-04
6.475077528651710171e-03
9.206430609986864660e-03
1.427819947284988400e-01
9.364687136165837297e-03
1.707960878711139649e-02
1.669387950461997602e-02
2.217352012359478930e-01
1.629605418191105775e-03
1.554005166831724447e-03
6.980423208849529174e-03
1.384905884602231907e-01
1.645464670920717964e-01
1.654973502536142421e-02
1.376260575857890479e-03
4.609935327336488978e-04
6.398805275058024565e-03
1.924883199944991130e-01
2.034150763243083079e-03
1.385043645060264894e-01
2.187367272664762362e-04
8.443708074049997327e-04
1.008675353692721488e-03
3.150010473307549800e-03
1.577861246149573661e-03
5.118116856963077499e-01
1.247491507720249332e-01
2.466641321208659365e-01
2.258599509501157000e-03
1.071883883851507263e-01
1.784901774527960783e-01
3.246442793930404917e-03
1.257020499402702884e-01
5.189147493129180333e-01
9.687517009526251666e-02
2.883561587405374972e-03
2.990749303788290958e-01
1.725298536356224544e-01
1.367971428297730663e-01
7.432680712537205470e-02
1.942577018774257480e-01
1.186419944666555456e-03
4.417440287319646108e-02
1.713605697479306939e-03
9.218896251433233990e-02
1.582901262906865605e-03
2.911651280799349567e-02
6.553365788948314029e-03
2.449105422904454543e-01
6.484485559931989565e-03
2.275869966922811072e-02
9.951681087831787398e-03
1.198415184548910599e-02
2.934674077346659526e-01
7.805305951459666708e-04
1.076883580474740807e-03
8.923551269455917700e-02
1.364379576355367329e-01
1.349669447446417425e-01
3.027598546306439764e-01
1.525982673661180344e-01
2.617200061793660271e-01
1.568836256142849273e-01
2.174599230212955620e-03
1.685381603638471358e-03
1.134003770390717763e-03
1.280937058921639560e-01
1.814177551865484572e-01
4.139533763322561554e-04
3.223594717964013961e-03
6.963623152991889505e-03
7.469304834306861405e-04
1.777412309626624429e-02
2.056061396092617732e-01
4.036717421473803163e-02
2.406863362456004019e-01
1.328266176283783850e-01
1.607563744905881817e-02
1.053363502274044490e-03
4.018983282510477650e-01
3.901732332668834680e-01
2.024695691806403242e-01
3.734484416594854167e-02
2.566712533930279403e-03
6.297332937677877288e-03
1.366382143013597783e-01
2.153216119117351279e-01
8.430268029363884681e-04
3.476422118576814047e-01
4.059968698780776902e-02
1.266394930571266009e-01
2.176000354871483189e-01
9.298998917762463234e-02
4.309012726814435978e-02
1.871919343848194028e-01
1.955190500712173859e-03
9.258611583480695628e-02
4.049149462808455772e-03
2.779814522462102921e-01
7.787833893367721028e-03
2.366160187124113079e-01
1.272436230657673570e-03
1.169300687747620027e-01
2.044415597372101490e-01
7.082097146899968276e-02
2.003910662699330547e-03
1.270420223954756836e-03
1.517381045062068598e-03
1.351772814439794190e-01
3.564148650254239659e-01
1.848678146574734421e-03
1.533173097568250442e-03
3.246405833807518015e-01
2.126315869678097742e-02
3.150074313519808378e-01
1.546700502544822442e-01
6.797168199554390333e-02
8.268987493130538352e-04
2.308253754593998508e-01
7.200503940584617596e-03
1.434852450666996571e-01
8.948213751454933695e-02
2.332183754157621160e-03
7.371024507539665482e-02
1.665134176318843195e-01
1.586308314234795291e-01
1.609109350044784451e-03
2.385282010701279265e-01
2.287831606693450839e-03
9.293790900446593714e-04
2.110278536356394175e-01
1.671605557835206248e-03
1.897250468070344198e-01
3.310508126937929951e-01
2.835513427652524079e-03
6.732118383273606732e-02
2.248989877550586769e-01
1.461604859614703015e-03
2.739151667264270729e-01
4.698179300734329766e-01
3.343211115670412497e-04
1.155003840212768217e-02
2.135814621260007373e-01
3.243082782758876376e-03
1.860733866658177416e-01
2.025246733638533941e-02
7.645839821258945679e-02
1.355428506594416474e-03
3.172824949162224989e-02
1.614821369036381973e-03
1.366882784678155605e-01
1.324180402699205684e-03
7.862056540146776518e-02
2.955801827593227977e-03
2.104835318258518884e-01
2.253976134129134223e-01
1.586325114290652871e-01
1.543871373138395731e-01
1.289975488973050047e-02
7.680985538113128258e-04
1.916463011949141593e-01
1.887456035505339913e-01
3.545833229358240080e-01
3.018775156970006646e-01
1.283188266406563470e-03
2.403234550390753732e-01
1.656492227585673049e-01
4.657076284073027178e-02
1.102318865043208293e-02
1.926294404637032484e-03
1.229928729326672104e-01
1.406272195641979084e-01
4.587591253045827239e-02
1.394404636184141955e-03
2.684648926050914319e-03
2.282371588539717777e-01
1.479006357472046618e-01
2.969423312882603083e-01
4.816226573223624796e-01
1.686863368565115207e-01
1.942015896908612371e-01
1.302108489313437978e-01
1.510271261423115352e-01
5.101840962848195986e-03
1.999542648176344528e-02
1.305364340138648631e-03
2.680616912645080851e-03
1.618957542788533321e-01
9.307230945132706360e-04
5.113601001948544361e-03
3.178026246455750714e-01
2.405263997138356799e-02
2.028438744251485557e-03
1.687464810564818715e-02
1.420612723322060801e-03
2.226494602757206620e-01
3.387926144341107948e-01
1.259792508619213547e-01
1.817698843573246209e-02
8.078810860822049564e-03
1.927181447586316099e-01
3.306546673766698752e-01
1.343332466376915418e-03
4.614172301423785649e-01
2.908586950610915767e-01
1.106787679901340658e-02
1.257336340452826495e-01
3.533488548314046157e-02
6.147812440544878250e-03
2.141728240921896842e-01
1.646465954249833330e-01
1.303919535334891605e-02
7.364942887319200771e-02
1.831747050281404832e-01
1.039352255688772569e-02
1.864268598410624700e-02
1.312420363598857526e-03
7.368504499161020356e-04
1.205051206612678394e-01
3.533965669900402951e-01
3.766572523282947071e-03
2.969604753485865500e-01
8.537586786182491116e-02
3.120126533947978897e-01
1.805814484059551361e-01
3.642483950707244844e-01
4.715473278234184884e-02
5.076157037453035148e-01
2.096310969916352195e-03
1.780553920072003304e-01
1.664280733481275087e-01
2.150407149777953670e-04
1.908620745874795022e-02
2.837899035584308671e-01
1.509653019367554125e-03
1.719522677152367784e-01
2.397438531119867877e-01
1.151475828482663661e-03
2.221048024648159813e-01
6.642742086110961335e-04
2.323924846698005586e-01
3.957421157825740353e-03
6.781846548612222719e-03
3.537591121954481999e-01
2.077098426037554679e-01
1.435359812353897424e-01
5.758588746435068517e-02
3.061316258412723479e-01
7.412184644390884015e-04
3.387842144061819494e-01
2.064525264233696769e-02
7.172951848978087810e-03
1.402468662995809325e-03
4.313901543069009192e-01
1.214644038507391036e-03
2.150407149777953670e-04
8.305947616017346231e-04
6.844544357072934737e-02
9.948421876995405810e-02
1.756707920787669019e-01
4.257134154326042597e-04
2.030387550730971824e-01
1.351060492071430108e-03
2.367453791425151444e-01
1.293469900591439140e-02
5.383107498016808518e-02
1.870353578642262038e-01
1.472961697374467784e-02
3.377284988960878587e-01
7.351704443303379820e-04
1.434553409672730540e-01
3.588491931191960423e-04
3.737861227822240062e-01
2.760255897432638550e-01
3.271968798800503619e-01
3.871304071499476196e-02
9.642660860386352562e-02
8.787111295813678780e-01
9.733918763805053664e-02
4.514511010065091687e-03
6.303380957786627057e-04
5.461563758871989388e-02
6.810742644687362360e-04
9.155694441296791108e-02
1.276804245180660186e-05
1.590629288601380295e-03
3.121786379466713786e-03
5.570898522393512254e-04
2.736729099209599114e-03
2.677928903707858213e-04
7.398341398364188803e-02
1.257427060754457704e-01
1.179132080435510987e-01
1.986337804272238911e-02
5.783217628322369352e-02
4.660301894797694300e-02
7.259236935862926898e-02
1.605413337756103620e-02
6.694251057370485813e-02
1.974476964836745230e-02
1.786013938225736522e-02
3.280849308326851815e-02
1.291756294893959926e-02
5.509611918624839760e-02
2.038854778883222515e-02
