1.350552221267361797e-01
1.988427099387470032e-01
3.443774980007304615e-02
3.762962473785987777e-02
1.864453446588101859e-01
3.439388993498741776e-02
6.082774923333578165e-02
1.016422955157372104e-01
8.778017120486124314e-02
9.195621872505740924e-02
7.619180648519295607e-02
5.524043032254882107e-02
6.252277255597447903e-02
9.263791870129693684e-02
8.012796193842686154e-02
7.060796427102863926e-02
6.943524775639141333e-02
1.772553657323611837e-02
1.825099915201815193e-01
9.489857382061926694e-02
1.450154230742011774e-01
2.298446811610448393e-01
5.051025084834390860e-02
8.948615949377135281e-02
1.105359529146564129e-01
6.017573489748959115e-02
9.173504733221704566e-02
9.762965273680518363e-02
6.313788041998032174e-02
1.070490936403485360e-01
5.597722256834711946e-02
1.401785357575013324e-01
9.699368469306350604e-02
1.796139032335209718e-01
1.094937462424691310e-01
1.673408967173940221e-01
4.328433807548573431e-02
1.086826061765866491e-01
5.328786401163289332e-02
2.794916414941666163e-02
7.511296077936706339e-02
1.626984369733603664e-01
5.617726634324989032e-02
9.294894932992248116e-02
3.504991584385973302e-02
5.745588838577680990e-02
9.917972455409990173e-02
2.400158908496839993e-01
2.343978165456967744e-01
7.199195696504177844e-02
8.720972552054626070e-02
2.114922694429262617e-01
1.154953269277539385e-01
2.041762299960811211e-01
3.052938117600011991e-01
4.849082498699255894e-02
1.500908652668545840e-01
1.306170851688331636e-01
4.815010871797367753e-02
7.860944782893765359e-02
2.408979020390280279e-01
4.116087875365688487e-02
5.931271182046922441e-02
8.775075300266965694e-02
8.354956629150978031e-02
4.309178257023173891e-02
1.119458871142385015e-01
3.314120939802944060e-02
1.430366478195145563e-01
6.390623037358414416e-02
7.591821720481123359e-02
6.958207132914759341e-02
7.427186763488950738e-02
5.806644980035303993e-02
5.866043004642128994e-02
2.672074025735665104e-01
1.028569998280478570e-01
1.620156672443138768e-01
1.165196152404245344e-01
3.777885525443172576e-02
1.383457817609656804e-01
1.184160195289747225e-01
5.797150923873474471e-02
6.283834963402964990e-02
1.658860328999193223e-01
9.419975779946828179e-03
1.583769030714167192e-01
1.656164551925637385e-01
9.439766206875710441e-02
3.114237627821219920e-02
1.225027426897891680e-01
1.010959192695789766e-01
9.885665920639596926e-02
4.136413178698055554e-02
9.774598835456281554e-02
9.956670763202010721e-02
3.568187231457529973e-02
1.461584539484450662e-01
1.111983973403705417e-01
3.313075256434133697e-01
7.673229909091287826e-02
6.037123222296274933e-02
5.886475283255192953e-02
9.017828955987879092e-02
1.038732649946662034e-01
2.873698360410727459e-01
3.461466017052516886e-01
1.136398406840702369e-01
1.599807299672615368e-01
1.554837566049753483e-01
3.944151855465968803e-02
1.285174278469593256e-01
7.831125423399569463e-02
6.561542792091515364e-02
1.115827060362733214e-01
8.335487128064184015e-02
8.782028693512249073e-02
6.485028722573223103e-02
4.184231129169466157e-02
6.042926631274069676e-02
8.162294148616278111e-02
6.721524324373381876e-02
1.762861696892493724e-01
7.673310140551808933e-02
1.594009239458855642e-01
1.714519567545669532e-01
5.976548469601786900e-02
1.535678293276980244e-01
9.665724743527248641e-02
1.383856300530251771e-01
3.406387119403819774e-02
3.450113265388582429e-02
3.725601357002676639e-02
4.295431933453652124e-02
1.264260611093394604e-01
1.830828441483121558e-02
7.095777343890673217e-02
4.211937726869902782e-02
6.836897164604736898e-02
5.852483887813826613e-02
6.679001650296455261e-02
1.074082631452876052e-01
6.137038134466962780e-02
4.901981775003758091e-02
1.161989568365362768e-01
1.417858393499687730e-01
6.384873116020968464e-02
1.065361471694080131e-01
1.014328914037734841e-01
2.260788838423203814e-02
9.421419946236232745e-02
5.763774636296114390e-02
1.852651398745241637e-02
3.935781039751454213e-02
1.273088746132887139e-01
1.529639538681653310e-01
9.679578042377466607e-02
6.136262563681911530e-02
1.131303709097523646e-01
5.245506145140932386e-02
8.700460041981039616e-02
6.558012607828525575e-02
5.797659056456784532e-02
1.071673013255183549e-01
1.295807621370841933e-01
1.212316089169110100e-01
1.362046715178218681e-01
9.083511778335634501e-02
6.087909736807017858e-02
2.244608827217832794e-02
2.109972413315024109e-01
9.607262752626519187e-02
8.050799162310176560e-02
6.178384080456225669e-02
1.065147521132686903e-01
1.146012810193315357e-01
4.665486173203600012e-02
1.408276082731283775e-02
4.350016070429126719e-02
1.052524438010479929e-01
6.745219349047693047e-02
2.046616303322422725e-01
1.058076455078637013e-01
1.306831424046633605e-01
1.578479103083717250e-01
6.081410988504695747e-02
5.409098093146311875e-02
5.440602313311481558e-02
3.615630768446501803e-02
9.791634648907227012e-02
1.207873940638180960e-01
5.082903718481998623e-02
6.940556211599809011e-02
1.430989609205203794e-01
6.482274109095284564e-02
1.731512590884335401e-01
8.711104082410359162e-02
7.695480767476194084e-02
2.979181335941676403e-02
6.077720341320660968e-02
1.458623998591170590e-01
1.543754926969578556e-01
2.060894828913410193e-01
2.245197191261664657e-02
6.836094849999511947e-02
7.734633720211174512e-02
3.734533792940848002e-02
2.322139161902742749e-02
5.780623243005839074e-02
1.831753777661147831e-01
3.889032842087011138e-02
5.265670985552254463e-02
8.297109746114254836e-02
1.063427893495487719e-01
1.617677520312993389e-01
1.575055894101423659e-01
6.920952991412145094e-02
1.297861546760218088e-01
6.555980077495288105e-02
2.021576064493350033e-01
2.606401900915981118e-01
9.058399331192090731e-02
1.796716698850971683e-01
1.268050210412074164e-01
4.866278775071245649e-02
3.357338953204397347e-02
3.264083252257077294e-02
2.752046071202476560e-02
1.152377839394767012e-01
5.126710095927283078e-02
4.199822776331005314e-02
1.004134169787342379e-01
9.689794181683998586e-02
6.825744991592110067e-02
1.107092528693850303e-01
6.122542983932564159e-02
5.798942759825144455e-02
1.451774906244566177e-01
7.225270921173990168e-02
1.624267197603908308e-01
3.928854390326345231e-02
4.009219569949717260e-02
4.247186081859454648e-02
8.955221672960154977e-02
4.591111609299242113e-02
7.389424489403027818e-02
4.987668974841789199e-02
7.722251331470535163e-02
8.275982128176662123e-02
2.300883173628314737e-01
2.003641658684553739e-01
1.293288353510435307e-01
8.108993715009163439e-02
1.574579854102323706e-01
2.639516099055634335e-01
1.123457072258423062e-01
9.432705838349730865e-02
1.028995225021247899e-02
3.376059627326314511e-02
1.125906806186376674e-01
5.764389744160119955e-02
4.472957411769772074e-02
1.521223258472843010e-01
3.195645816431384040e-02
2.000475190375932133e-01
8.966988953836788068e-02
1.757652000722565999e-01
7.537879435189828725e-02
3.154591378082020614e-01
6.985191647470494203e-02
3.056398767930548765e-01
3.396491905939377776e-02
1.070448146291206604e-01
1.885409904076578991e-01
1.127516784160861596e-01
8.286759887706851568e-02
1.558565654582032556e-01
