4.814741711950842884e-03
4.521595915975508695e-01
1.431690600801356801e-03
2.770698073235046688e-01
1.453516737002321160e-02
3.128360888480612445e-01
8.164014278979786141e-03
1.675935458288339494e-03
5.973605610240143894e-03
2.186770979372816559e-02
3.831084523665235220e-01
3.624151965683710674e-01
4.072523163640665023e-01
1.081692916721605814e-02
1.534585242891617698e-02
8.959109240586347542e-03
8.956510891038615280e-03
1.040119323957864120e-02
1.260459365605695430e-02
1.847946198348321065e-02
1.217456680590700002e-01
2.397237292739259201e-02
8.504398069732922380e-03
1.256561841284094608e-02
1.076236382671364768e-02
2.169699822844204928e-01
2.755289860416984538e-02
1.236034879856997074e-02
5.556310672874085199e-01
4.981633703401788238e-01
2.055554327212256657e-02
1.513018941645426566e-02
6.146499789146355752e-01
1.246428278047932540e-02
1.310347676922185567e-02
1.809230790087086593e-02
2.168582532538679275e-02
1.021930877123727183e-02
1.230578345806756027e-02
6.779093970037640415e-03
9.429410508726178419e-03
2.889780433007689275e-01
1.772074391554492520e-02
6.711536881796559967e-03
1.024789061626234232e-02
3.400693904578598326e-01
2.108820492940800539e-01
3.632102915299775803e-01
2.051137132981108863e-02
1.170556471254103822e-02
1.465728979876670252e-02
3.769529622879419506e-01
4.882298800191923333e-03
6.064547844410829447e-03
1.312946026469919564e-02
5.743833559734038419e-01
8.810795448401700369e-01
4.562701805820658200e-03
1.315024706108106414e-02
3.502575190345243433e-03
1.475083038248512293e-02
7.769065147724240304e-03
1.561348243233276305e-02
1.303851803052850922e-02
2.125709765001070756e-02
8.823995064104186645e-03
5.425431806154731307e-01
6.298399303706875285e-03
9.790581095861184899e-03
1.388298163354201309e-02
6.701481269046829503e-01
4.591283650845730258e-02
5.290993200554980902e-01
1.023723738311663328e-01
9.920108820815717321e-01
9.502164296062725127e-03
1.548070677044356414e-01
5.071978317176494694e-03
1.271892103615724495e-02
1.659539872642138980e-01
5.742352500491830535e-04
1.155486043877247508e-02
1.158863898289301444e-03
9.104097145349898668e-02
3.983269856676007262e-03
1.794134379214752939e-01
5.220084241397324708e-03
2.598349547733859626e-06
4.211924616876586841e-03
3.051423758372213135e-01
3.011487125823543616e-03
1.067921664118616325e-03
5.557687798134385293e-01
4.093881596923036881e-01
1.029985760721702052e-02
2.090398194647367647e-01
4.502939766222778875e-03
3.273400760235116447e-02
2.089073036378023308e-03
1.738607649379680375e-01
5.186305697276783616e-03
2.140780192377926827e-01
3.861147427932515482e-03
6.955781739283542660e-03
1.023411936365935387e-01
5.874868327426257218e-03
3.718238202807153461e-03
2.636311434626251726e-01
7.355927569634557357e-03
2.322508759746433338e-01
1.017981385811171507e-01
4.908282295669261566e-03
1.285403521263940411e-02
2.749131771988855832e-01
8.855175258676994607e-03
8.099107507277395479e-01
1.852623227534241955e-03
1.940967112157193294e-03
8.000318257472554748e-03
5.644758491478946150e-01
4.642756955386337925e-01
6.503668917977850628e-03
6.098326388531368804e-03
2.233541271232026004e-01
8.462824476969181900e-03
4.640652292252673769e-03
1.859560820826691441e-01
3.525960336274848103e-03
4.541915009438786226e-03
1.186146568540506936e-02
7.012945429333687988e-03
2.473628769442634892e-03
1.803254586127298834e-03
9.535942840183265351e-04
2.585149932031371445e-01
1.881386957027655904e-01
5.939827066119603670e-03
2.161826823714571317e-03
3.091178506452540997e-01
6.319186100088747260e-03
9.691843813047296488e-03
1.545238476037326392e-02
6.558234258480262827e-03
8.538696283763010098e-02
1.429689871649601762e-01
2.982905280798470952e-03
5.938527891345736498e-02
6.236038914561262830e-04
3.389910753955502898e-01
2.143638376880434206e-03
5.100560162201566924e-03
3.614304220897798792e-03
3.512968588536178553e-03
7.452066502900710904e-03
2.886766347532318273e-03
2.371773467171467142e-01
4.250380190183047913e-01
3.072548340195289246e-02
8.265349911341408548e-03
2.033208521101745325e-02
3.499976840797509436e-03
4.222318015067521961e-03
6.072342893054030570e-03
1.743908282457057313e-01
1.366991697062783576e-02
1.977344005825467082e-03
1.357299853249736288e-01
2.257965756980723996e-03
2.891963046627785833e-03
6.506267267525585492e-03
8.992887784706887766e-03
7.834023886417587623e-03
4.045630245821619717e-03
4.133974130444571272e-03
2.715275277381883588e-03
1.202516170691230422e-02
5.097130340798557979e-01
2.747702679737601961e-01
2.164165338307531827e-02
1.691525555574742825e-03
5.726762403205427204e-03
2.486620517181304009e-03
1.329055793665869303e-02
3.086839262707825188e-03
2.556775954970118021e-03
9.065641572043437943e-03
9.816564591338523132e-03
1.256379956815753263e-01
3.040068970848615847e-03
1.200437491053043225e-03
1.631659581994954478e-01
1.037001304500583497e-02
2.909449939084034487e-01
4.988831131649010264e-03
2.404876440409596805e-01
2.598349547733859626e-06
1.210830889243978692e-02
7.311755627323082013e-03
9.920108820815717321e-01
1.678325939872254979e-01
1.868213324820645199e-02
4.437981027529432423e-03
3.131011205019301399e-03
5.360395116974952731e-03
6.168481826320183249e-03
1.983320209785255361e-02
9.707433910333700122e-02
5.121346958583437164e-03
2.642521490045335580e-03
2.699685180095480475e-03
8.967943629048644172e-02
1.582083072624192732e-01
2.250170708337522873e-03
1.467339956596265260e-01
4.380817337479287962e-03
3.295798533336582459e-01
2.346309641603675552e-03
1.221224287434914115e-03
7.493640095664451384e-03
2.722550656115538259e-02
3.411632956174557446e-03
7.911974372849604059e-03
3.525960336274848103e-03
5.168117250442647373e-03
2.916673350826734512e-01
6.199662020892989477e-03
2.349115859115227800e-01
2.037106045423345974e-03
3.243883509372860185e-01
2.135843328237232649e-03
3.263527031953728300e-03
1.506549051271569295e-01
1.668140409645137937e-03
7.179239800388654245e-03
3.877828832028966666e-01
2.743857122406956252e-03
7.118958090881229162e-02
1.039339819093543850e-05
2.244194504377734767e-02
1.666581399916497799e-02
2.598349547733859626e-06
9.956875466916150288e-03
3.667596370121820604e-01
2.091671385925757305e-03
2.717873626929617151e-03
8.519988167019326361e-03
4.492546368031843755e-03
4.079408789942159941e-03
2.824405958386705384e-03
6.420521732450367065e-03
4.911997935522520731e-01
3.939097914364531050e-03
2.163307882956779782e-01
1.256042171374547982e-02
1.102999383013023547e-02
1.554332699454395034e-02
1.782935492664019794e-01
5.136937055869841146e-03
1.802215246308205288e-01
1.084031431314566411e-02
6.947986690640341537e-03
2.772438967432028483e-03
3.068650815873688511e-03
3.624125982188233230e-01
5.035601423508220473e-03
4.760176371448431552e-03
1.901991868941185510e-03
5.308428126020275396e-03
1.763525821542447913e-01
2.509849762138044449e-01
4.578811573016607905e-01
3.349272567028944991e-03
4.123580732253635805e-02
4.414595881599827319e-03
3.741805233205099945e-01
1.128982878490362128e-02
2.183055339519557048e-01
7.730089904508232086e-03
6.553453295312432481e-01
1.170816306208877222e-02
4.622463845418536658e-03
1.332953317987470125e-03
1.130801723173775752e-02
3.559738880395387894e-03
1.327756618892002348e-03
4.840725207428181118e-03
1.953958859895862845e-03
1.349452837615580103e-01
3.193267660183004564e-01
2.416465079392489564e-03
3.468796646224702775e-03
6.763503872751236434e-03
1.158084393424981332e-02
5.344805019688549617e-03
9.146190408023187508e-04
6.456898626118642154e-03
7.148059605815848885e-03
2.601909286614255135e-01
1.636726363613035806e-01
5.744950850039564315e-03
2.008524200398273309e-03
2.001586607105824145e-01
3.234945186928655635e-03
2.779350577229000030e-01
3.118019457280631849e-03
3.340386211575695485e-01
5.020011326221817359e-03
3.180379846426244304e-03
2.303956543975613572e-02
9.551532937469669332e-03
8.353693795964359237e-03
1.945540207361204921e-01
1.946163811252660941e-02
1.390870529406458000e-01
2.136077179696528605e-01
1.368550706791423800e-02
3.958845370927308732e-02
7.275898403564354244e-02
2.538587508135981344e-03
3.772803543309564359e-03
5.207612163568201558e-01
6.766102222298971298e-03
